spawn:
  world: world
  x: 191.5
  y: 38.0
  z: 195.5
  yaw: 1.6872584
  pitch: 0.19346753
